SW Sweden  (687,19), (687,1), (687,69), (637,19), (637,1), (637,69), (737,1), (737,19), (737,69)
E GB Sea2  (332,147), (332,97), (332,197), (382,147), (382,97), (382,197), (282,147), (282,97), (282,197)
N Sea  (298,14), (298,64), (298,1), (248,14), (248,1), (248,64), (348,14), (348,1), (348,64)
NE Sea Lithuania  (977,104), (977,154), (977,54), (927,104), (1013,104)
NE Sea Tunisia  (697,742), (697,767), (697,692), (647,742), (747,742)
S France  (356,506), (356,556), (356,456), (306,506), (306,556), (306,456), (406,506), (406,556), (406,456)
Mid S Sea Spain  (10,611), (10,661), (10,561), (60,611), (1,611)
W Mid Europe  (536,309), (536,359), (536,259), (586,309), (586,359), (586,259), (486,309), (486,259), (486,359)
S Sea Norway  (523,63), (523,13), (523,113), (573,63), (473,63)
NW Sea4  (66,63), (66,13), (66,113), (16,63), (116,63)
NW Sea5  (10,136), (10,186), (10,86), (60,136), (1,136)
NW Germany  (637,216), (637,266), (637,166), (687,216), (687,266), (687,166), (587,216), (587,266), (587,166)
W Belarus  (975,271), (975,221), (975,171), (925,271), (925,221), (925,171), (1023,271), (1023,221), (1023,171)
NW Sea2  (9,84), (9,34), (9,134), (59,84), (1,84)
NW Sea3  (99,24), (99,74), (99,1), (49,24), (149,24)
NW Sea Spain  (11,530), (11,580), (11,480), (61,530), (1,530)
SW Sea Spain  (8,685), (8,635), (8,735), (58,685), (1,685)
NE GB Sea  (298,98), (298,48), (298,148), (248,98), (348,98)
SE Sea2 Sweden  (874,85), (874,35), (874,135), (824,85), (924,85)
Netherlands Sea  (494,178), (494,128), (494,228), (444, 178), (544, 178)
Middle Poland  (872,271), (872,221), (872,321), (822,271), (822,221), (822,321), (922,271), (922,221), (922,321)
N Spain  (196,565), (196,515), (196,615), (146,565), (146,515), (146,615), (246,565), (246,515), (247,615)
W Sea Ireland  (6,214), (6,264), (6,164), (56,214), (1,214)
Mid W Germany  (665,287), (665,237), (665,337), (615,287), (615,337), (615,237), (715,287), (715,237), (715,337)
NE GB Sea3  (263,57), (263,107), (263,7), (213,57), (313,57)
N GB Sea  (205,12), (205,62), (205,1), (255,12), (155,12)
SW Spain  (108,675), (108,625), (108,735), (158,675), (158,625), (158,735), (58,675), (58,625), (58,735)
SE GB  (345,245), (345,295), (345,195), (395,245), (395,295), (395,195), (295,245), (295,295), (295,195)
Mid S Sea France  (290,452), (290,502), (290,402), (240,452), (340,452)
NW Sea Corsica  (516,572), (516,522), (516,622), (566,572), (466,572)
NW Balkans  (815,440), (815,490), (815,390), (865,440), (865,490), (865,390), (775,440), (775,490), (775,390)
NE Sea Sicily  (816,643), (816,693), (816,593), (866,643), (866,693), (866,593), (776,643), (776,693), (776,593)
N GB  (222,90), (222,140), (222,40), (272,90), (272,140), (272,40), (172,90), (172,140), (172,40)
SE Spain  (242,674), (242,624), (242,724), (292,674), (292,624), (292,724), (192,674), (192,724), (192,624)
S Sweden  (772,95), (772,45), (772,145), (722,95), (722,145), (722,45), (822,95), (822,45), (822,145)
Ireland  (103,198), (103,148), (103,248), (153,198), (153,248), (153,148), (53,198), (53,148), (53,248)
NE Sea Spain  (197,489), (197,439), (197,539), (147,489), (247,489)
N Sea Tunisia  (709,704), (709,754), (709,654), (759,704), (659,704)
Switzerland  (586,382), (586,332), (586,432), (536,382), (536,332), (536,432), (636,382), (636,332), (636,432)
W Sea Denmark  (568,159), (568,109), (568,209), (518,159), (618,159)
Mid S Sea  (17,462), (17,412), (17,512), (67,462), (1,462)
NE France  (439,299), (439,249), (439,349), (489,299), (489,249), (489,349), (389,299), (389,249), (389,349)
S Sea Balkans  (894,564), (894,514), (894,614), (844,564), (944,564)
SE Sea3 Sweden  (926,43), (926,93), (926,1), (976,43), (876,43)
Sea N Ireland  (91,122), (91,172), (91,72), (41,122), (141,122)
NW Sea Sicily  (710,660), (710,710), (710,610), (760,660), (660,660)
E Spain  (326,590), (326,540), (326,640), (376,590), (376,640), (376,540), (276,590), (276,540), (276,640)
E Sea Spain  (380,637), (380,687), (380,587), (330,637), (430,637)
SE Sea France  (471,524), (471,574), (471, 474), (421,524), (521,524)
NW Sea Tunisia  (613,678), (613,628), (613,728), (663,678), (563,678)
SE Sea Spain  (221,741), (221,691), (221,767), (271,741), (171,741)
SW Sea2 Spain  (100,729), (100,767), (100,679), (150,729), (50,729)
N Sea4  (415,138), (415,188), (415,88), (465,138), (365,138)
N Sea3  (412,87), (412,36), (412,136), (462,87), (362,87)
SW GB  (264,249), (264,299), (264,199), (314,249), (314,299), (314,199), (214,249), (214,299), (214,199)
N Sea2  (357,53), (357,103), (357,3), (407,53), (307,53)
Mid S Sea2  (16,398), (16,348), (16,448), (66,398), (1,398)
N Italy  (645,452), (645,502), (645,402), (695,452), (695,502), (695,402), (595,452), (595,502), (595,402)
Mid S Sea3  (13,335), (13,385), (13,285), (1,335), (63,335)
Mid S Sea4  (67,376), (67,326), (67,426), (17,376), (117,376)
N Sea5  (494,111), (494,161), (494,61), (454,111), (554,111)
Mid S Sea5  (75,321), (75,371), (75,271), (25,321), (125,321)
NW Algeria  (372,743), (372,767), (372,693), (322,743), (322,767), (322,693), (422,743), (422,767), (422,693)
Mid S Sea6  (156,389), (156,339), (156,439), (106,389), (206,389)
Mid S Sea7  (104,429), (104,479), (104,379), (154,429), (54,429)
Mid S Sea8  (216,441), (216,491), (216,391), (266,441), (166,441)
SW Sea Norway  (464,16), (464,66), (464,1), (414,16), (514,16)
NE Sea France  (339,298), (339,248), (339,348), (389,298), (289,298)
SE Sea Corsica  (675,629), (675,679), (675,579), (625,629), (725,629)
NE Algeria  (463,740), (463,690), (463,767), (513,740), (513,690), (513,767), (413,740), (413,690), (413,767)
E Sea2 Ireland  (183,217), (183,267), (183,167), (133,217), (233,217)
S Sea Ireland  (99,267), (99,217), (99,317), (49,267), (149,267)
Mid W Balkans  (886,494), (886,444), (886,544), (836,494), (836,444), (836,544), (936,494), (936,444), (936,544)
S Sea France  (432,581), (432,531), (432,631), (482,581), (382,581)
S Sea Sicily  (778,730), (778,767), (778,680), (728,730), (828,730)
E France  (439,371), (439,321), (439,421), (489,371), (489,321), (489,421), (389,371), (389,321), (389,421)
NE Spain  (264,538), (264,588), (264,488), (214,538), (214,588), (214,488), (314,538), (314,588), (314,488)
NE Sea Corsica  (662,539), (662,589), (662,489), (612,539), (712,539)
Mid Sea France  (237,398), (237,348), (237,448), (287,398), (187,398)
SW Sea Balkans  (816,520), (816,570), (816,470), (866,520), (766,520)
SE Sea  (862,750), (862,700), (862,767), (812,750), (912,750)
N Sea Algeria  (415,685), (415,635), (415,735), (465,685), (365,685)
NW Sea Algeria  (327,713), (327,763), (327,663), (377,713), (277,713)
Mid E Germany  (757,282), (757,232), (757,332), (707,282), (707,232), (707,332), (807,282), (807,232), (807,332)
S Sea Sweden  (740,159), (740,209), (740,109), (790,159), (690,159)
Middle GB  (268,165), (268,115), (268,215), (218,165), (218,115), (218,215), (318,165), (318,115), (318,215)
NE Germany  (749,209), (749,259), (749,159), (799,209), (799,259), (799,159), (699,209), (699,259), (699,159)
Denmark  (620,122), (620,172), (620,72), (670,122), (670,172), (670,72), (570,122), (570,172), (570,72)
SE Sea Sweden  (814,149), (814,199), (814,99), (864,149), (764,149)
SE Sea4 Sweden  (967,13), (967,63), (967,1), (917,13), (1010,13)
Middle Italy  (718,529), (718,579), (718,479), (768,529), (768,579), (767,479), (668,529), (668,479), (668,579)
N Sea Spain  (85,479), (85,429), (85,529), (35,479), (135,479)
S Italy  (848,593), (848,549), (848,643), (898,593), (898,549), (898,643), (798,593), (798,549), (798,643)
N Sea France  (228,318), (228,368), (228,268), (278,318), (178,318)
E GB Sea  (400,205), (400,255), (440,155), (450,205), (350,205)
S Norway  (569,32), (569,1), (569,82), (519,32), (519,1), (519,82), (619,32), (619,1), (619,82)
Sicily  (775,689), (775,639), (775,739), (725,689), (725,639), (725,739), (825,689), (825,639), (825,739)
SW Sea  (16,747), (16,697), (16,797), (1,747), (66,747)
S Lithuania  (963,191), (963,141), (963,241), (913,191), (913,141), (913,241), (1013,191), (1013,141), (1013,241)
E Sea Corsica  (661,576), (661,526), (661,626), (611,576), (711,576)
Corsica  (616,609), (616,659), (616,566), (665,609), (665,659), (665,566), (566,609), (566,659), (566,566)
NE Sea Denmark  (691,92), (691,42), (691,142), (641,92), (741,92)
S Sea  (468,618), (468,668), (468,568), (418,618), (518,618)
SW Sea Ireland  (15,280), (15,230), (15,330), (65,280), (1,280)
N Poland  (844,200), (844,250), (844,150), (894,200), (894,150), (894,250), (794,200), (794,150), (794,250)
SW Sea Corsica  (578,644), (578,594), (578,694), (528,644), (628,644)
S Germany  (742,358), (742,408), (742,308), (792,358), (792,408), (792,308), (692,358), (692,408), (692,308)
NW Sea France  (164,326), (164,376), (164,276), (114,326), (214,326)
NE Balkans  (949,440), (949,490), (949,390), (999,440), (999,490), (999,390), (899,440), (899,490), (899,390)
SE Sea Balkans  (952,665), (952,615), (952,715), (902,665), (1002,665)
Mid W Sea GB  (126,90), (126,40), (126,140), (176,90), (76,90)
N Sea Denmark  (618,71), (618,21), (618,121), (668,71), (568,71)
Netherlands  (529,235), (529,285), (529,185), (579,235), (579,285), (579,185), (479,235), (479,285), (479,185)
Tunisia  (588,740), (588,767), (588,690), (538,740), (538,767), (538,690), (638,740), (638,767), (638,690)
NE Sea Ireland  (165,139), (165,189), (165,89), (115,139), (215,139)
S Europe  (519,467), (519,417), (519,517), (569,467), (569,417), (569,517), (469,467), (469,417), (469,517)
S Balkans  (968,581), (968,531), (968,631), (918,581), (918,531), (918,631), (1018,581), (1018,531), (1018,631)
S Spain  (182,721), (182,769), (182,671), (132,721), (132,769), (132,671), (232, 721), (232,769), (232,671)
SE Sea Ireland  (158,258), (158,308), (158,208), (108,258), (208,258)
NW France  (281,367), (281,317), (281,417), (231,367), (231,317), (231,417), (331,367), (331,317), (331,417)
W PT/ES  (98,553), (99,503), (99,603), (149,553), (149,503), (149,603), (49,553), (49,603), (49,503)
NW Sea2 Corsica  (598,556), (598,606), (598,506), (548,556), (648,556)
NW Sea  (19,20), (19,1), (19,70), (1,20), (69,20)
NE Sea Algeria  (512,693), (512,643), (512,743), (562,693), (462,693)
Middle France  (377,434), (377,484), (377,384), (327,434), (327,484), (327,384), (427,434), (427,484), (427,384)
S Sea Italy  (878,671), (878,621), (878,721), (828,671), (928,671)
N Sea Ireland  (67,162), (67,112), (67,212), (17,162), (117,162)
SE Sweden  (805,22), (805,1), (805,72), (855,22), (855,1), (855,72), (755,22), (755,1), (755,72)
SW Sea Italy  (780,622), (780,672), (780,572), (730,622), (830,622)
NW Sea Italy  (762,471), (762,521), (762,421), (712,471), (812,471)
SE Sea Italy  (905,629), (905,679), (905,579), (955,629), (855,629)
N Sea Corsica  (624,502), (624,552), (624,452), (674,502), (574,502)
SE Sea Sicily  (840,701), (840,751), (840,651), (890,701), (790)
S Sea EU  (566,523), (566,573), (566,473), (516,523), (616,523)
N Sea Lithuania  (921,131), (921,181), (921,81), (971,131), (871,131)
NW GB Sea  (150,53), (150,103), (150,3), (100,53), (200,53)
Mid Europe  (865,347), (865,397), (865,297), (815,347), (815,397), (815,297), (915,347), (915,397), (915,297)
SE Sea3  (926,695), (926,645), (926,745), (976,695), (876,695)
E Sea Denmark  (696,128), (696,178), (696,78), (646,128), (746,128)
SE Sea2  (970,736), (970,786), (970,686), (920,736), (1010,736)
N Sea 5  (404,21), (404,71), (404,1), (454,21), (354,21)
E Sea Ireland  (210,179), (210,129), (210,229), (260,179), (160,179)